260.134 103.92 1608.13
240.711 83.4196 1735.54
258.779 83.4196 1789.04
288.274 84.3196 1828.8
326.396 103.1 1857.4
374.138 122.94 1869.81
422.723 142.78 1861.97
464.454 160.54 1835.58
517.72 134.48 1781.46
545.986 121.66 1740.72
580.872 106.44 1705.69
624.083 98.0797 1681.85
700.619 82.1797 1594.69
734.836 56.0197 1523.89
764.472 47.5797 1484.12
791.475 47.5797 1442.61
812.292 46.0197 1397.61
875.018 32.3597 1328.02
1055.49 28.9197 1375.16
1080.28 48.0397 1417.79
1120.17 52.2197 1446.62
1168.47 53.7997 1456.05
1216.28 73.6397 1444.36
1257.23 93.4797 1416.72
1284.16 113.32 1375.53
1294.72 130.46 1327.18
1296.94 130.46 1277.67
1113.73 156.12 972.12
1090.13 156.12 928.606
1083.27 159.48 879.794
1088.52 179.32 830.529
1096.42 188.701 781.581
1098.53 177.981 732.048
1097.01 158.14 682.478
1085.34 138.3 634.407
1065.18 118.459 589.131
1040.43 98.6194 546.164
1014.06 78.7794 504.153
975.946 71.3794 421.335
978.248 71.3794 372.175
995.757 71.3794 325.835
1020.2 71.3794 282.771
1053.44 71.3794 246.174
1097.11 71.3794 223.437
1145.33 71.3794 216.73
1272.98 65.2794 209.15
1321.71 65.2794 218.042
1368.74 65.2794 233.742
1422.54 65.2794 256.439
1464.95 65.2794 281.829
1501.04 65.2794 315.731
1529.96 65.2794 355.962
1553.49 65.2794 399.604
1574.05 65.2794 444.732
1585.5 65.2794 492.898
1588.98 65.2794 542.343
1595.4 65.2794 591.451
1599.4 65.2794 640.588
